1.2780 7.2961
0.3353 6.5443
1.3838 5.3671
3.6057 5.4255
8.4138 2.7325
4.6009 4.9355
3.2462 6.3015
7.3335 5.4282
3.8949 2.4368
1.9685 5.0998
4.7518 6.9345
4.7665 9.0498
2.0753 6.7793
3.2887 7.4754
8.1035 5.4516
3.0445 7.0267
4.7676 4.4255
1.4901 6.5878
1.1551 9.4304
2.9217 3.8987
4.7974 9.1869
4.0700 2.6267
5.6771 2.5961
0.9011 5.6745
6.7336 2.2778
6.0272 6.0787
5.2944 4.3024
6.5534 0.7041
6.0454 1.7495
7.5974 3.0665
3.7095 5.7446
1.2491 5.6589
0.2067 9.4584
4.4566 2.4714
3.1917 3.5977
3.7225 8.2560
3.0644 5.3208
8.5221 2.5740
8.3217 2.9466
4.9979 6.7689
1.1239 5.9149
7.4844 4.4225
2.4248 9.5524
4.9588 5.7120
5.2180 5.4046
0.6411 7.3960
3.7112 9.9271
2.1222 4.5644
7.1839 2.0990
7.6456 5.5307
5.6167 6.6230
6.1868 7.2759
7.2513 2.3971
5.2856 2.1422
4.6040 2.8516
6.3151 5.2641
3.6720 9.4331
3.4243 3.3686
1.9748 7.8087
5.6981 6.6822
2.6711 3.5277
1.6965 7.5062
1.5958 6.4468
3.9540 2.6015
0.8761 6.0173
6.5414 2.0537
1.0387 6.2573
0.0932 7.6748
5.3679 6.2124
4.9322 3.7910
6.1771 0.7507
9.2305 3.4661
8.1821 3.6434
2.0797 4.6578
6.8286 4.9589
5.4199 8.1797
7.8425 6.0125
3.5321 7.0539
2.1327 5.6285
2.3913 3.9384
6.7514 4.0391
6.5433 3.2760
4.8268 3.2713
3.6725 4.2942
2.9431 3.1907
6.0662 4.4409
3.5210 8.9891
6.6434 3.3551
3.8112 6.9719
5.7940 3.2374
4.3641 6.0920
4.9941 7.7658
4.1447 7.4331
6.4032 5.1498
2.7027 8.1450
7.5595 2.5308
5.9012 6.4792
4.0146 2.3938
7.1871 4.8234
6.1985 3.1728
7.0966 3.7135
4.5524 8.2388
6.6158 4.9132
4.1212 9.2309
3.1323 9.3776
1.1523 6.6967
2.1167 4.8621
2.0140 4.6415
6.6846 4.5054
4.0385 4.9704
5.0153 7.2235
3.2744 5.4859
6.3990 1.5352
1.5267 4.9873
5.3153 8.0039
4.0176 3.3317
4.1199 9.3886
2.7631 3.3829
2.7403 9.4939
7.0890 5.5069
4.2693 5.7664
5.3836 3.5020
7.3666 6.5117
6.9979 5.1079
3.5957 5.4083
5.9299 3.8677
7.7063 5.6668
2.9727 7.2366
5.7160 7.4424
3.0021 4.3108
3.9899 7.1668
6.8846 1.3741
8.3943 4.3688
2.4647 4.1563
6.3989 5.4954
1.1598 5.8648
5.6886 0.6128
7.0823 5.5793
2.1216 4.1275
3.6617 2.4966
5.6542 0.9801
3.7229 8.0542
1.1794 9.4785
7.9508 2.0951
0.7680 8.5575
6.2772 5.2156
3.5809 8.5093
5.4664 7.8273
4.3760 2.3344
4.1168 8.1058
5.3255 2.7825
0.9826 9.3209
3.5496 2.7373
3.6602 9.5341
1.0953 7.2946
7.0015 1.7899
7.1792 4.8147
1.1558 8.3497
1.1193 8.8435
2.9355 7.2155
3.8110 4.3313
1.6336 9.7252
3.3900 9.8634
6.1071 3.6877
2.7816 7.0869
6.6324 4.9850
2.6624 4.1994
5.4255 5.9416
1.0541 6.2974
2.8251 6.6342
8.1729 4.7783
2.8043 6.3955
1.6589 6.4636
0.9309 7.1001
7.3061 3.1921
2.9900 6.3411
2.6622 6.9111
5.8204 4.5196
2.3352 8.6582
8.8820 4.6788
0.3897 9.3004
5.7831 8.0646
6.2408 7.5192
0.2824 9.4441
6.9340 5.2425
0.0329 9.8993
4.4947 2.7531
5.5400 5.5197
4.3669 4.3691
6.7376 3.2874
4.6839 3.8281
4.0174 4.5258
3.0411 4.3810
7.0329 3.4766
0.7324 8.5039
0.6537 5.4035
2.1027 6.1052
7.1018 5.6864
0.9400 7.8571
6.4685 3.3345
2.2798 5.0147
7.5268 2.2514
1.0248 9.1540
0.1516 5.8910
6.1487 6.0246
2.2846 8.1999
1.4893 7.7166
0.2773 7.7169
4.6196 2.5354
8.1897 3.6220
1.8417 4.4248
3.9399 2.5080
5.1714 2.6785
2.4507 9.5806
4.6576 3.0873
4.4489 6.4940
4.8956 4.3920
5.6558 5.9160
6.8269 5.7752
5.1729 3.0378
0.5148 5.6312
5.9827 1.0664
2.0088 4.8084
9.2388 4.3947
6.0245 5.1488
7.8345 5.8842
4.2354 8.0797
5.5933 2.0180
0.7334 9.3145
6.1974 5.5769
7.1446 5.9834
7.1252 2.3666
5.7231 4.9018
6.7526 1.7356
3.5159 4.7532
6.4416 2.3153
1.4117 7.9846
6.9916 6.6052
2.3413 9.9282
5.8386 3.6715
0.1417 9.2194
7.1760 4.5620
3.6974 6.5309
4.4328 4.5504
6.7481 3.2665
5.2778 1.9661
3.5151 3.8601
5.1851 7.2465
8.4108 3.7112
1.7921 8.2638
2.1567 8.7891
2.1753 4.9954
0.6209 5.5926
2.9681 6.8911
5.2275 2.6029
6.2011 2.7291
6.0030 2.9042
2.2346 5.9523
4.6775 2.2787
3.2311 5.5783
0.9761 9.1004
7.6409 5.4911
0.2181 7.7896
2.4672 5.9415
6.7393 2.0246
7.5353 4.0273
2.7034 9.5659
7.8661 2.3141
6.4743 3.8809
8.2031 3.9170
7.0256 5.6397
8.6574 3.8937
9.0889 4.1277
1.3237 4.8395
6.9879 2.2553
1.8664 6.8555
8.2319 5.6820
3.6505 2.8636
2.4206 8.5898
5.4997 4.2842
8.3762 4.1114
6.1149 4.8779
5.5056 4.8506
9.0305 4.9297
6.3493 7.6228
4.3273 6.2820
6.0847 1.2874
6.4636 5.5160
3.4667 6.4316
6.5028 5.1729
3.7326 3.3795
3.7373 7.7982
5.7655 6.9843
4.8171 4.9964
6.8362 6.8104
7.6975 2.6988
5.9095 2.3403
5.8594 0.4373
5.0678 3.1231
4.8216 3.4996
5.7229 4.8595
5.6657 5.2075
1.8217 9.3535
2.6210 3.5306
5.1957 4.5904
7.9331 3.6841
3.4955 8.5881
4.9403 7.3837
1.9990 4.6503
8.4369 2.5916
5.5191 4.0093
8.1714 2.6036
0.7322 9.3661
0.4117 7.8386
6.7028 4.0563
4.9743 7.7474
6.5850 3.1275
3.3271 5.4631
9.0916 3.5827
3.4479 7.1805
6.0918 6.6610
9.0140 4.3239
0.7056 8.8774
2.6222 4.8251
4.7759 2.7193
6.6112 6.1522
0.5527 5.4629
7.5460 3.4450
2.8533 7.5036
0.7325 7.3921
3.5080 3.8880
3.2332 3.6544
5.7552 4.3961
6.7507 3.8697
6.9924 5.7018
6.5088 3.4241
5.9858 7.8162
4.8878 4.1480
6.2182 5.0808
9.2344 4.5538
7.2104 4.5699
5.5106 6.5001
6.4121 3.9848
5.6855 6.6996
4.7608 6.1158
3.1190 9.8089
6.0397 5.5609
4.0014 3.6870
5.6947 2.6495
7.1367 2.8336
8.2090 4.6484
3.2148 9.7535
9.0125 4.4837
3.2247 5.4631
4.9284 1.3601
8.0071 2.8797
2.7788 5.6065
2.9003 4.9982
1.3019 5.3842
6.3914 4.2582
6.4889 2.9071
7.7332 5.7677
1.1331 9.5367
2.7451 8.0269
0.3280 9.9893
1.9367 5.0108
3.7578 9.8245
7.9123 2.6898
5.2301 3.2305
2.4939 8.5942
6.4161 5.7264
2.2274 5.7534
8.2714 4.1479
1.3742 7.6279
7.2158 3.7894
5.3856 6.3821
3.8141 4.2623
4.9489 4.8814
6.6726 0.9190
4.3737 7.0308
4.4526 6.1599
7.8570 2.1900
8.2232 4.8231
6.7688 6.8108
5.4811 1.9816
2.9390 9.5070
4.8368 5.7412
3.4076 3.5245
0.4918 6.9762
6.9177 3.7164
1.2653 8.8384
1.0956 7.2824
3.2871 7.7408
1.9003 5.8643
7.1914 6.2962
3.8745 5.0947
5.2281 5.0957
4.0103 9.6558
3.6722 9.5118
6.6722 6.7332
0.5665 7.6081
7.7834 3.5935
5.2166 0.9399
7.5424 2.5253
1.5602 9.9098
5.8602 3.6590
9.4424 3.7435
4.7682 5.3634
1.5102 7.0526
3.1266 5.8141
4.2776 4.9618
6.0316 4.3837
3.6411 6.0087
5.2457 1.6262
8.4215 2.6677
6.9970 1.7692
3.0341 8.1285
0.4022 5.8062
1.4683 8.6306
6.2393 4.3033
7.3188 5.4452
7.5083 1.9411
7.9256 3.4680
2.7678 9.1604
5.1137 2.0763
3.2304 5.3229
6.0990 5.0848
2.4423 8.8168
4.3859 4.4935
0.1182 7.6404
5.2001 5.6662
5.7426 4.9559
2.6133 5.6670
3.9866 5.7040
4.0744 2.6715
6.8142 1.1185
5.7127 3.9052
0.0749 9.4329
4.3618 3.2732
3.3557 6.1855
2.1629 5.7098
7.9708 2.6639
6.8921 5.5889
6.6519 5.9131
5.6484 1.4133
8.5344 3.5967
3.9599 3.7818
2.0414 7.7956
1.9031 5.1994
0.6788 8.1975
1.9514 4.1263
4.1271 5.2204
0.0524 8.3268
6.1357 4.0010
5.1523 5.5869
4.1356 1.9985
6.4111 1.3916
3.7154 5.7274
6.7307 4.5543
0.6320 5.6052
6.8017 1.5498
7.5731 2.3402
4.6023 5.1265
7.2847 3.9624
2.4524 6.2571
0.5806 9.7397
3.8836 5.9828
1.4488 7.5622
1.1761 9.6894
5.0988 6.9630
2.8117 8.0414
2.3609 8.1804
7.2464 5.3003
1.4689 5.5986
5.0271 5.2521
3.3480 3.3104
5.2923 2.1046
3.1499 3.1835
7.4098 5.6326
3.4815 5.2580
7.5487 1.8971
1.3318 4.9787
6.0912 4.6652
5.1445 5.8401
5.0525 5.1293
2.4977 8.8877
4.0282 6.8490
5.9870 3.2571
6.0825 2.5071
3.2961 9.0997
2.2018 8.2812
3.9883 8.0938
4.0570 7.6445
0.9198 6.6630
5.7235 4.0876
3.1948 6.8741
3.3151 9.3325
5.9897 1.7998
4.8309 8.9050
1.3884 6.2569
5.5296 2.7814
1.8402 7.7138
4.6416 5.6826
7.0218 6.2096
4.1074 9.3533
1.6065 6.2562
5.3270 5.9937
2.8158 6.3352
2.4066 7.3385
5.4085 6.3763
4.8365 4.9349
3.7416 2.5506
6.1544 3.8456
3.7971 6.8191
5.1191 3.9140
6.2754 0.4906
5.2505 1.5065
2.2052 9.8331
0.8055 6.7164
7.7563 6.0519
1.5475 7.2492
6.3956 2.0816
1.5765 9.9424
7.2920 4.7437
5.5614 4.1783
5.0168 1.9120
6.3355 5.8893
3.4851 3.8048
3.2415 4.4397
2.9858 7.7630
2.2667 4.6808
4.1522 8.9417
0.8875 8.2419
5.4636 3.9946
6.8053 5.5664
6.0896 1.9662
6.1842 4.1879
3.5627 8.9687
6.0566 4.9733
3.2687 7.5678
4.9473 8.3007
4.8972 1.9487
7.5637 5.5707
2.1912 7.8134
3.9676 4.7956
3.6453 8.6019
4.3571 4.1716
3.9876 3.2479
3.6994 5.4098
3.6850 3.4637
5.8418 5.1357
6.9636 1.0792
9.3203 3.8581
4.4874 3.0867
4.2865 2.8366
4.0351 5.8228
8.4505 2.8995
5.3457 6.4164
7.4776 1.7245
3.9754 7.2226
4.2642 4.1009
2.9218 5.0571
1.9391 6.7124
7.4263 5.5972
5.2660 3.9460
4.3362 3.8916
4.6880 2.9802
8.8440 4.0847
4.9992 4.9377
2.8095 5.5555
5.4836 5.4694
6.5541 3.9892
6.1682 3.3748
9.1591 4.8266
5.4352 3.8381
0.9254 6.1583
4.4408 5.4036
6.4964 1.3576
7.2012 4.1383
4.5023 1.8047
7.5768 1.7193
0.0409 7.1991
7.6596 1.9796
3.2345 8.4199
1.3317 6.1361
7.4141 4.7171
1.3226 7.1351
7.3442 1.6292
5.0291 5.0988
1.7447 9.5443
4.6368 5.5418
6.9233 1.7730
7.5698 6.0710
3.5265 7.0628
3.3516 7.8389
6.3646 7.1896
2.0140 8.0004
6.4881 7.1969
3.5404 3.1595
5.0863 8.8689
5.4694 5.8794
3.3597 9.6958
4.7469 6.4509
9.1250 4.4101
2.5053 3.4984
5.1113 3.8819
0.5270 8.1033
2.2691 6.4406
6.0297 0.5798
4.0522 3.1634
4.1510 5.5165
0.0489 8.0102
0.4262 6.8598
6.2561 7.0134
2.0157 4.6670
0.4691 5.7858
1.1352 7.0957
4.3282 8.8727
5.3378 3.1243
7.5618 2.4871
4.4470 7.2773
1.5618 7.8011
7.4918 3.0038
3.2940 6.7754
4.0368 4.7972
4.0690 3.5092
0.9031 7.1838
5.5328 2.1075
4.2006 4.8716
4.1777 8.3617
7.1709 6.6906
5.7770 1.5998
0.2287 7.5538
8.6123 3.0738
2.0422 6.0041
6.9684 1.9796
3.8007 6.2702
1.3878 6.3578
3.9812 5.8219
3.4899 9.4050
3.1770 4.5115
6.1437 1.5683
4.7835 7.0841
2.1965 9.5150
7.4521 5.2259
4.5883 2.7928
8.1165 5.7879
5.4193 5.1871
6.9206 4.8340
6.4128 7.3399
8.7389 3.9392
4.1835 2.9239
1.3338 6.8511
6.4287 5.5853
6.2164 1.9180
3.5686 6.4246
6.7159 3.4505
2.1549 8.5069
3.0079 6.5894
0.4843 6.0806
1.7691 9.8883
4.3314 2.4982
7.6393 5.4161
2.0426 8.8665
6.8029 2.6246
4.5830 6.7932
2.4689 7.9912
6.2111 2.2130
5.9688 7.4769
5.5500 5.6633
5.2966 1.2124
4.6558 2.2143
7.7127 5.5294
8.6373 3.5003
1.7801 5.4186
3.6863 5.2518
2.8028 6.5638
0.7514 8.8558
0.5967 5.5983
3.9053 4.8526
7.9395 2.8500
9.2785 4.5080
2.3362 4.9819
3.7746 6.8906
8.3521 4.0510
1.1711 7.1376
3.3478 4.4938
2.0696 9.0622
2.9356 4.1436
7.4218 2.1937
7.0067 4.1218
4.1381 7.5532
0.0407 9.5558
5.2245 1.1284
1.0618 4.9590
5.8312 1.0984
5.4782 6.6400
0.7376 9.5317
6.6128 6.8684
1.3199 7.1284
2.3002 6.2132
4.1768 2.1159
4.7408 5.8417
4.7078 2.9546
4.0637 5.6251
6.9564 4.0000
6.9092 5.0349
5.0620 4.8356
0.5508 7.2553
0.6352 7.6903
4.3777 9.1831
5.7028 6.4803
3.8468 2.6208
4.8315 3.0283
1.1580 4.8965
5.8997 0.1191
6.0795 4.3228
8.2953 4.5155
4.9418 2.7783
4.4071 7.9700
4.9600 3.8484
6.8179 2.1361
1.8670 8.7946
5.9207 6.5475
4.1051 3.1395
5.3890 3.9405
6.9426 5.4058
5.1508 2.7533
0.9493 7.7824
1.1637 5.9612
6.9097 4.9147
0.0618 6.0772
4.2709 5.0745
0.7815 6.4259
8.0903 4.8118
6.2465 6.3469
2.2033 7.4422
2.6312 8.2443
5.3108 5.7476
5.3488 6.0738
4.3969 2.8243
6.5222 2.3323
4.2894 5.1634
7.8581 3.9506
2.9020 3.6458
4.8538 8.5784
1.0690 8.6915
7.6076 3.7378
5.2975 5.9336
2.6679 5.6921
1.6636 5.6844
1.1594 7.3580
3.5267 9.2707
5.9748 1.1805
2.2990 6.1300
0.6129 7.1832
3.6076 7.7243
3.0458 7.4477
5.6787 5.3734
3.6479 9.9892
1.5675 5.0914
8.2714 5.1832
5.6650 7.2160
4.7635 4.1904
5.2174 3.3722
7.0014 4.1375
3.4583 3.0143
4.2537 7.1808
4.6311 2.9621
9.1725 4.4442
6.6091 3.2553
6.0496 0.7366
1.5844 8.2770
6.3687 3.6147
5.6891 4.0359
5.8837 7.2816
8.9099 3.7185
2.0527 6.9676
1.9608 4.4837
3.9664 6.8439
4.7138 5.7234
4.2466 8.5244
8.1350 5.2378
2.5023 5.5866
3.8435 6.1106
4.5698 6.4725
8.9811 4.3279
5.9962 0.4369
5.7886 3.9103
5.3301 5.9194
2.0296 8.8057
2.4327 7.2629
4.1589 8.6926
9.1859 4.2181
0.2421 7.8841
2.6858 7.9886
9.2040 3.7114
4.1614 7.2548
0.8311 9.9625
6.4601 2.0064
3.8718 9.4734
0.3315 8.2068
2.3264 4.9410
0.8265 9.1577
0.1750 6.8626
8.8159 3.1077
4.1289 5.4847
5.0018 4.2571
3.7179 9.6816
2.6952 7.4826
4.6154 6.8224
8.1783 3.4546
0.3517 9.1801
5.9479 5.7537
2.8269 8.4257
4.3551 8.6170
2.2148 8.5246
2.1295 9.0317
9.8781 4.0718
1.9499 5.9411
8.2586 2.2941
2.2005 6.7977
1.4091 8.3641
0.0722 9.3289
6.9603 3.3536
5.0415 1.9975
7.7496 2.5861
4.8589 5.4960
5.9664 4.6356
2.1193 4.4978
8.5092 4.1929
4.2480 6.4426
3.0999 8.5036
7.2120 2.1037
8.7904 3.4289
4.4856 8.4649
4.0266 7.1580
